0 185
1 43
2 75
3 156
4 79
5 195
6 86
7 19
8 19
9 57
10 177
11 183
12 177
13 169
14 177
15 196
16 183
17 138
18 183
19 151
20 156
21 156
22 183
23 79
24 156
25 196
26 177
27 151
28 57
29 151
30 151
31 151
32 43
33 169
34 151
35 195
36 105
37 61
38 10
39 151
40 109
41 109
42 43
43 109
44 4
45 109
46 79
47 79
48 36
49 80
50 136
51 109
52 109
53 61
54 54
55 109
56 195
57 79
58 147
59 79
60 54
61 79
62 54
63 109
64 109
65 79
66 117
67 117
68 109
69 109
70 109
71 23
72 109
73 138
74 189
75 84
76 75
77 109
78 138
79 79
80 133
81 79
82 2
83 75
84 162
85 166
86 166
87 52
88 123
89 123
90 166
91 166
92 109
93 33
94 9
95 9
96 9
97 159
98 198
99 83
100 79
101 83
102 75
103 2
104 9
105 197
106 14
107 159
108 83
109 109
110 83
111 87
112 159
113 11
114 9
115 79
116 83
117 61
118 17
119 83
120 159
121 83
122 178
123 137
124 8
125 178
126 178
127 83
128 133
129 178
130 64
131 141
132 2
133 75
134 178
135 11
136 133
137 15
138 196
139 178
140 137
141 7
142 141
143 83
144 31
145 179
146 17
147 171
148 2
149 192
150 11
151 120
152 120
153 120
154 11
155 120
156 83
157 2
158 141
159 41
160 83
161 91
162 136
163 1
164 11
165 38
166 17
167 1
168 91
169 44
170 197
171 44
172 108
173 68
174 129
175 136
176 136
177 199
178 83
179 68
180 11
181 111
182 197
183 136
184 108
185 11
186 11
187 197
188 11
189 11
190 179
191 62
192 141
193 153
194 21
195 114
196 137
197 21
198 129
199 114
200 78
201 83
202 11
203 75
204 98
205 124
206 54
207 122
208 138
209 1
210 87
211 113
212 75
213 75
214 75
215 174
216 75
217 11
218 122
219 162
220 75
221 88
222 133
223 75
224 11
225 91
226 11
227 179
228 179
229 7
230 88
231 162
232 88
233 45
234 44
235 88
236 162
237 182
238 88
239 179
240 182
241 179
242 2
243 162
244 11
245 100
246 179
247 138
248 162
249 7
250 100
251 11
252 100
253 82
254 88
255 33
256 11
257 2
258 162
259 113
260 82
261 162
262 179
263 141
264 53
265 62
266 48
267 53
268 53
269 53
270 129
271 98
272 11
273 82
274 129
275 155
276 155
277 53
278 179
279 92
280 162
281 141
282 154
283 83
284 11
285 8
286 27
287 82
288 11
289 82
290 37
291 17
292 155
293 11
294 138
295 155
296 184
297 83
298 179
299 153
300 82
301 46
302 34
303 34
304 2
305 34
306 163
307 34
308 11
309 34
310 169
311 34
312 67
313 41
314 34
315 37
316 96
317 20
318 34
319 34
320 34
321 135
322 179
323 135
324 34
325 83
326 35
327 2
328 34
329 34
330 34
331 2
332 163
333 11
334 34
335 34
336 83
337 34
338 141
339 129
340 82
341 82
342 8
343 34
344 34
345 6
346 44
347 87
348 7
349 83
350 82
351 179
352 37
353 87
354 37
355 184
356 134
357 15
358 115
359 7
360 104
361 104
362 172
363 20
364 20
365 20
366 92
367 20
368 39
369 184
370 7
371 129
372 44
373 143
374 182
375 182
376 136
377 62
378 143
379 138
380 81
381 144
382 40
383 40
384 40
385 181
386 86
387 63
388 63
389 63
390 63
391 63
392 134
393 75
394 40
395 63
396 63
397 134
398 48
399 81
400 134
401 93
402 70
403 40
404 63
405 81
406 143
407 71
408 161
409 134
410 198
411 134
412 199
413 93
414 199
415 93
416 158
417 158
418 93
419 161
420 53
421 70
422 33
423 93
424 69
425 178
426 178
427 93
428 93
429 170
430 93
431 93
432 193
433 47
434 102
435 102
436 85
437 102
438 102
439 185
440 102
441 131
442 47
443 51
444 134
445 93
446 131
447 93
448 24
449 93
450 129
451 23
452 159
453 167
454 167
455 167
456 107
457 107
458 116
459 116
460 102
461 167
462 102
463 167
464 167
465 75
466 47
467 178
468 129
469 55
470 145
471 183
472 93
473 71
474 71
475 92
476 79
477 132
478 71
479 145
480 40
481 184
482 102
483 183
484 40
485 141
486 40
487 92
488 145
489 102
490 55
491 92
492 129
493 47
494 183
495 125
496 154
497 66
498 66
499 66
500 172
501 61
502 45
503 183
504 39
505 45
506 24
507 154
508 154
509 154
510 194
511 6
512 184
513 184
514 136
515 27
516 2
517 27
518 0
519 103
520 104
521 11
522 144
523 52
524 78
525 76
526 162
527 181
528 79
529 2
530 45
531 78
532 159
533 78
534 150
535 34
536 76
537 78
538 103
539 154
540 78
541 45
542 45
543 78
544 78
545 76
546 133
547 133
548 103
549 92
550 92
551 133
552 5
553 161
554 133
555 88
556 79
557 3
558 11
559 21
560 2
561 11
562 78
563 78
564 58
565 78
566 146
567 32
568 34
569 78
570 103
571 128
572 175
573 175
574 175
575 28
576 45
577 45
578 175
579 175
580 58
581 88
582 45
583 88
584 60
585 128
586 83
587 6
588 60
589 199
590 159
591 50
592 60
593 11
594 87
595 60
596 5
597 98
598 60
599 185
600 6
601 45
602 60
603 5
604 5
605 5
606 45
607 60
608 45
609 32
610 25
611 145
612 5
613 25
614 5
615 5
616 159
617 21
618 26
619 26
620 176
621 26
622 26
623 176
624 176
625 26
626 103
627 199
628 129
629 32
630 161
631 26
632 158
633 158
634 87
635 65
636 65
637 125
638 125
639 103
640 58
641 58
642 103
643 145
644 60
645 21
646 65
647 136
648 150
649 168
650 125
651 21
652 31
653 4
654 33
655 176
656 176
657 4
658 101
659 15
660 35
661 15
662 56
663 56
664 32
665 6
666 101
667 90
668 21
669 62
670 21
671 145
672 137
673 62
674 145
675 101
676 117
677 8
678 56
679 11
680 21
681 35
682 16
683 184
684 86
685 136
686 49
687 49
688 180
689 49
690 49
691 143
692 33
693 62
694 50
695 189
696 138
697 152
698 149
699 149
700 66
701 118
702 61
703 45
704 73
705 149
706 73
707 191
708 191
709 31
710 73
711 144
712 125
713 73
714 119
715 73
716 119
717 31
718 142
719 152
720 149
721 103
722 142
723 97
724 97
725 144
726 149
727 190
728 144
729 97
730 97
731 177
732 94
733 125
734 187
735 187
736 69
737 144
738 73
739 149
740 121
741 142
742 191
743 191
744 106
745 106
746 185
747 141
748 106
749 72
750 94
751 144
752 106
753 142
754 97
755 130
756 35
757 72
758 97
759 106
760 35
761 106
762 88
763 97
764 106
765 73
766 194
767 97
768 106
769 11
770 118
771 198
772 198
773 106
774 95
775 198
776 72
777 198
778 89
779 198
780 148
781 97
782 23
783 30
784 198
785 198
786 118
787 164
788 30
789 97
790 164
791 164
792 61
793 164
794 164
795 45
796 12
797 164
798 198
799 45
800 25
801 30
802 89
803 61
804 106
805 45
806 29
807 118
808 29
809 12
810 25
811 31
812 106
813 59
814 140
815 2
816 139
817 24
818 121
819 140
820 188
821 118
822 42
823 42
824 198
825 51
826 140
827 148
828 140
829 30
830 140
831 140
832 29
833 148
834 178
835 165
836 29
837 12
838 106
839 126
840 141
841 4
842 13
843 126
844 83
845 112
846 112
847 112
848 126
849 188
850 148
851 188
852 97
853 188
854 77
855 185
856 29
857 154
858 74
859 118
860 74
861 118
862 198
863 97
864 198
865 118
866 173
867 38
868 38
869 13
870 29
871 157
872 157
873 157
874 157
875 74
876 186
877 89
878 157
879 31
880 127
881 127
882 127
883 149
884 30
885 18
886 99
887 99
888 169
889 190
890 61
891 61
892 74
893 64
894 61
895 199
896 99
897 99
898 160
899 99
900 99
901 99
902 99
903 190
904 66
905 0
906 110
907 29
908 173
909 64
910 157
911 157
912 31
913 31
914 118
915 191
916 159
917 116
918 61
919 33
920 99
921 127
922 99
923 118
924 13
925 125
926 99
927 13
928 64
929 170
930 127
931 22
932 191
933 99
934 64
935 99
936 99
937 127
938 193
939 157
940 99
941 95
